32.79542161457395
23.925760048990806
15.22059964294109
15.22059964294109
18.77050046175756
18.52624588181156
19.873349122370765
15.132721902198298
19.069063446793248
16.721272575358768
21.05645854020134
18.402908178866454
12.110939393148875
14.802459947865131
21.11960701396794
21.13077893329531
23.4916821633779
28.35833826163999
15.325530022237745
23.172554471808272
23.350861795118487
23.303847755989764
22.920070926211963
20.752729708060215
21.2906374692002
23.42021058344221
23.11083043921734
23.043236432290822
23.151146296151982
27.525175969054562
42.50743571329658
41.748005788618414
31.257478035121984
21.356504877115395
15.868395744844959
21.387351643241594
19.43324218085563
16.139914071985444
19.43324218085563
19.962549984551433
15.140589979433525
21.466643255235663
21.28790580997455
16.056369387650395
15.140338805071629
15.35747777522086
15.35747777522086
12.90973018990211
21.357017034023187
21.357017034023187
13.204764318862965
34.09129773668928
45.70109524389469
21.61358974396947
21.55737481772134
23.347698982000537
28.800670835223265
41.87623181000981
31.26620937344738
31.608273361976245
33.42560074184916
41.576401295159215
18.541191499005762
15.38182362181018
18.931975614988545
19.12457167072147
23.167111986496675
21.332525766839268
16.139914071985444
21.3714504943096
33.62581405497631
43.91214999041687
33.66325154968301
33.0894959518037
23.365945674343173
27.832983204619854
20.95791430734488
18.215833855607748
19.897469459115435
32.05002276974124
23.09961944163665
23.09961687189127
42.14997122745534
45.110803583646586
32.52411248480009
27.311564083201645
45.14623045514813
20.804165514051455
20.764666873396926
27.63980253530926
31.339813004023636
27.656188918579506
23.125571401192474
45.52429756743286
23.123744857910513
27.59098155971099
33.06609171020397
20.765602111693934
27.594877494891588
24.10556571108599
33.99918407362762
27.027731079999228
27.856769353231904
20.8335571308202
27.95424442294653
20.308433570970017
23.70885171532301
23.70885171532301
21.044262335650654
23.70885171532301
23.10688581183873
20.738708426234318
23.09967735224438
23.70808709627385
21.090479870129812
19.78616223752931
20.745073414442313
22.762407593364106
28.090730371983533
29.959798076142192
23.110766225474798
23.11185100771154
21.357379819531264
19.419171506077294
44.269891509928925
28.427350551882345
12.592205120932363
12.431026540047538
12.431026540047538
12.241709141289133
12.431277714409434
12.174453830101255
12.174453830101255
15.869270687260826
19.675744216023578
16.125856418528652
15.869283708582369
19.418920331715398
12.431277714409434
12.174440808779712
5.202299018322238
15.013716116243645
12.431264693087892
21.084410987930646
7.707581167838394
7.450757283530216
12.877793030388046
15.944143863871156
16.12584339720711
21.10080710958498
12.710265775038287
12.4539442394539
12.878044204749942
12.877793030388046
12.878044204749942
12.621220320441763
16.12584339720711
16.12584339720711
12.679670183273986
12.679670183273986
12.679670183273986
19.675744216023578
33.611714370874374
16.125592222845214
33.61172357273806
21.357379819531264
11.44576010095241
21.13077893329531
19.449143329787624
19.418296563661425
21.356504877115395
21.356504877115395
25.11995084812257